-5.541943291552767770e-01 1.317541521693625484e+00
-7.241630261347794528e-01 -1.730251577582629263e+00
3.236175842047890328e-01 -1.657400993127489952e-01
-5.355693405108071792e-01 8.284086110066271047e-01
-2.037432587044912147e+00 6.107362603065754625e-01
1.061417414707077400e+00 1.053876598227253991e+00
1.533824099765028093e+00 -2.042375912027191986e-01
1.137247314610971838e+00 1.646877119458499905e+00
6.271324581292787581e-01 -9.176005940060635302e-01
-5.418526679187886108e-01 -1.006206314238812904e+00
